Reading,Direction,To,From,Duration,Disatance,TimeStamp,TimeToMove,TimedOut,Delta,FreeWheel
0,1,15352,15368,0,16,498053,12,0,16,0
1,1,15284,15352,10,68,498078,0,0,0,0
2,1,15172,15284,10,112,498088,0,0,0,0
3,1,15008,15172,10,164,498098,0,0,0,0
4,1,14816,15008,10,192,498108,0,0,0,0
5,1,14592,14816,10,224,498118,0,0,0,0
6,1,14344,14592,10,248,498128,0,0,0,0
7,1,14084,14344,10,260,498138,0,0,0,0
8,1,13808,14084,10,276,498148,0,0,0,0
9,1,13487,13808,11,321,498159,0,0,0,0
10,1,13199,13487,10,288,498169,0,0,0,0
11,1,12895,13199,10,304,498179,0,0,0,0
12,1,12563,12895,10,332,498189,0,0,0,0
13,1,12231,12563,10,332,498199,0,0,0,0
14,1,11899,12231,10,332,498209,0,0,0,0
15,1,11555,11899,10,344,498219,0,0,0,0
16,1,11195,11555,10,360,498229,0,0,0,0
17,1,10863,11195,10,332,498239,0,0,0,0
18,1,10435,10863,10,428,498249,0,0,0,0
19,1,10147,10435,10,288,498259,0,0,0,0
20,1,9787,10147,10,360,498269,0,0,0,0
21,1,9427,9787,10,360,498279,0,0,0,0
22,1,9043,9427,10,384,498289,0,0,0,0
23,1,8655,9043,10,388,498299,0,0,0,0
24,1,8311,8655,10,344,498309,0,0,0,0
25,1,7934,8311,10,377,498319,0,0,0,0
26,1,7494,7934,11,440,498330,0,0,0,0
27,1,7050,7494,11,444,498341,0,0,0,0
28,1,6734,7050,10,316,498351,0,0,0,0
29,1,6346,6734,10,388,498361,0,0,0,0
30,1,5974,6346,10,372,498371,0,0,0,0
31,1,5534,5974,11,440,498382,0,0,0,0
32,1,5146,5534,10,388,498392,0,0,0,0
33,1,4774,5146,11,372,498403,0,0,0,0
34,1,4374,4774,10,400,498413,0,0,0,0
35,1,3930,4374,11,444,498424,0,0,0,0
36,1,3546,3930,11,384,498435,0,0,0,0
37,1,3158,3546,10,388,498445,0,0,0,0
38,1,2689,3158,11,469,498456,0,0,0,0
39,1,2233,2689,11,456,498467,0,0,0,0
40,1,1913,2233,10,320,498477,0,0,0,0
41,1,1557,1913,10,356,498487,0,0,0,0
42,1,1085,1557,11,472,498498,0,0,0,0
43,1,701,1085,11,384,498509,0,0,0,0
44,1,257,701,11,444,498520,0,0,0,0
45,1,-112,257,11,369,498531,0,0,0,0
46,1,-568,-112,11,456,498542,0,0,0,0
47,1,-940,-568,11,372,498553,0,0,0,0
48,1,-1328,-940,10,388,498563,0,0,0,0
49,1,-1700,-1328,10,372,498573,0,0,0,0
50,1,-2144,-1700,10,444,498583,0,0,0,0
51,1,-2432,-2144,10,288,498593,0,0,0,0
52,1,-2888,-2432,11,456,498604,0,0,0,0
53,1,-3260,-2888,10,372,498614,0,0,0,0
54,1,-3608,-3260,10,348,498624,0,0,0,0
55,1,-3992,-3608,11,384,498635,0,0,0,0
56,1,-4436,-3992,12,444,498647,0,0,0,0
57,1,-4864,-4436,11,428,498658,0,0,0,0
58,1,-5220,-4864,10,356,498668,0,0,0,0
59,1,-5608,-5220,10,388,498678,0,0,0,0
60,1,-5952,-5608,11,344,498689,0,0,0,0
61,1,-6312,-5952,10,360,498699,0,0,0,0
62,1,-6672,-6312,10,360,498709,0,0,0,0
63,1,-7032,-6672,10,360,498719,0,0,0,0
64,1,-7388,-7032,10,356,498729,0,0,0,0
65,1,-7748,-7388,10,360,498739,0,0,0,0
66,1,-8176,-7748,11,428,498750,0,0,0,0
67,1,-8536,-8176,11,360,498761,0,0,0,0
68,1,-8976,-8536,11,440,498772,0,0,0,0
69,1,-9336,-8976,10,360,498782,0,0,0,0
70,1,-9696,-9336,11,360,498793,0,0,0,0
71,1,-10124,-9696,11,428,498804,0,0,0,0
72,1,-10496,-10124,11,372,498815,0,0,0,0
73,1,-10840,-10496,10,344,498825,0,0,0,0
74,1,-11200,-10840,10,360,498835,0,0,0,0
75,1,-11560,-11200,10,360,498845,0,0,0,0
76,1,-11920,-11560,10,360,498855,0,0,0,0
77,1,-12280,-11920,10,360,498865,0,0,0,0
78,1,-12652,-12280,10,372,498875,0,0,0,0
79,1,-13024,-12652,10,372,498885,0,0,0,0
80,1,-13464,-13024,11,440,498896,0,0,0,0
81,1,-13824,-13464,11,360,498907,0,0,0,0
82,1,-14196,-13824,10,372,498917,0,0,0,0
83,1,-14624,-14196,11,428,498928,0,0,0,0
84,1,-15000,-14624,10,376,498938,0,0,0,0
85,1,-15456,-15000,11,456,498950,0,0,0,0
86,1,-15924,-15456,11,468,498962,0,0,0,0
87,1,-16268,-15924,10,344,498972,0,0,0,0
88,1,-16628,-16268,10,360,498982,0,0,0,0
89,1,-17016,-16628,10,388,498992,0,0,0,0
90,1,-17388,-17016,10,372,499002,0,0,0,0
91,1,-17772,-17388,10,384,499012,0,0,0,0
92,1,-18132,-17772,10,360,499022,0,0,0,0
93,1,-18520,-18132,10,388,499032,0,0,0,0
94,1,-18892,-18520,10,372,499042,0,0,0,0
95,1,-19292,-18892,10,400,499052,0,0,0,0
96,1,-19680,-19292,10,388,499062,0,0,0,1
97,1,-20052,-19680,11,372,499073,0,0,0,1
98,1,-20536,-20052,11,484,499084,0,0,0,1
99,1,-20880,-20536,11,344,499095,0,0,0,1
100,1,-21308,-20880,11,428,499106,0,0,0,1
101,1,-21668,-21308,10,360,499116,0,0,0,1
102,1,-22012,-21668,11,344,499127,0,0,0,1
103,1,-22372,-22012,10,360,499137,0,0,0,1
104,1,-22688,-22372,10,316,499147,0,0,0,1
105,1,-23008,-22688,10,320,499157,0,0,0,1
106,1,-23392,-23008,11,384,499168,0,0,0,1
107,1,-23712,-23392,10,320,499178,0,0,0,1
108,1,-24044,-23712,10,332,499188,0,0,0,1
109,1,-24320,-24044,10,276,499198,0,0,0,1
110,1,-24624,-24320,11,304,499209,0,0,0,1
111,1,-24968,-24624,11,344,499220,0,0,0,1
112,1,-25216,-24968,11,248,499231,0,0,0,1
113,1,-25548,-25216,11,332,499242,0,0,0,1
114,1,-25812,-25548,10,264,499252,0,0,0,1
115,1,-26088,-25812,10,276,499262,0,0,0,1
116,1,-26320,-26088,10,232,499272,0,0,0,1
117,1,-26556,-26320,10,236,499282,0,0,0,1
118,1,-26776,-26556,11,220,499293,0,0,0,1
119,1,-27052,-26776,12,276,499305,0,0,0,1
120,1,-27276,-27052,10,224,499315,0,0,0,1
121,1,-27508,-27276,11,232,499326,0,0,0,1
122,1,-27716,-27508,10,208,499336,0,0,0,1
123,1,-27896,-27716,10,180,499346,0,0,0,1
124,1,-28076,-27896,10,180,499356,0,0,0,1
125,1,-28256,-28076,10,180,499366,0,0,0,1
126,1,-28408,-28256,10,152,499376,0,0,0,1
127,1,-28572,-28408,10,164,499386,0,0,0,1
128,1,-28724,-28572,10,152,499396,0,0,0,1
129,1,-28876,-28724,10,152,499406,0,0,0,1
130,1,-29000,-28876,10,124,499416,0,0,0,1
131,1,-29124,-29000,10,124,499426,0,0,0,1
132,1,-29236,-29124,10,112,499436,0,0,0,1
133,1,-29344,-29236,10,108,499446,0,0,0,1
134,1,-29444,-29344,10,100,499456,0,0,0,1
135,1,-29540,-29444,10,96,499466,0,0,0,1
136,1,-29620,-29540,10,80,499476,0,0,0,1
137,1,-29704,-29620,10,84,499486,0,0,0,1
138,1,-29760,-29704,10,56,499496,0,0,0,1
139,1,-29828,-29760,10,68,499506,0,0,0,1
140,1,-29872,-29828,10,44,499516,0,0,0,1
141,1,-29924,-29872,10,52,499526,0,0,0,1
142,1,-29952,-29924,10,28,499536,0,0,0,1
143,1,-29980,-29952,10,28,499546,0,0,0,1
144,1,-29996,-29980,11,16,499557,0,0,0,1
145,1,-30008,-29996,11,12,499568,0,0,0,1
146,1,-30008,-30008,10,0,499578,0,0,0,1
-1,99,0,0,0,0,0,0,0,0,0
-1,99,0,0,0,0,0,0,0,0,0
-1,99,0,0,0,0,0,0,0,0,0
-1,99,0,0,0,0,0,0,0,0,0
-1,99,0,0,0,0,0,0,0,0,0
-1,99,0,0,0,0,0,0,0,0,0
-1,99,0,0,0,0,0,0,0,0,0
-1,99,0,0,0,0,0,0,0,0,0
-1,99,0,0,0,0,0,0,0,0,0
-1,99,0,0,0,0,0,0,0,0,0
-1,99,0,0,0,0,0,0,0,0,0
-1,99,0,0,0,0,0,0,0,0,0
-1,99,0,0,0,0,0,0,0,0,0
-1,99,0,0,0,0,0,0,0,0,0
-1,99,0,0,0,0,0,0,0,0,0
-1,99,0,0,0,0,0,0,0,0,0
-1,99,0,0,0,0,0,0,0,0,0
-1,99,0,0,0,0,0,0,0,0,0
-1,99,0,0,0,0,0,0,0,0,0
-1,99,0,0,0,0,0,0,0,0,0
-1,99,0,0,0,0,0,0,0,0,0
-1,99,0,0,0,0,0,0,0,0,0
-1,99,0,0,0,0,0,0,0,0,0
-1,99,0,0,0,0,0,0,0,0,0
-1,99,0,0,0,0,0,0,0,0,0
-1,99,0,0,0,0,0,0,0,0,0
-1,99,0,0,0,0,0,0,0,0,0
-1,99,0,0,0,0,0,0,0,0,0
-1,99,0,0,0,0,0,0,0,0,0
-1,99,0,0,0,0,0,0,0,0,0
-1,99,0,0,0,0,0,0,0,0,0
-1,99,0,0,0,0,0,0,0,0,0
-1,99,0,0,0,0,0,0,0,0,0
-1,99,0,0,0,0,0,0,0,0,0
-1,99,0,0,0,0,0,0,0,0,0
-1,99,0,0,0,0,0,0,0,0,0
-1,99,0,0,0,0,0,0,0,0,0
-1,99,0,0,0,0,0,0,0,0,0
-1,99,0,0,0,0,0,0,0,0,0
-1,99,0,0,0,0,0,0,0,0,0
-1,99,0,0,0,0,0,0,0,0,0
-1,99,0,0,0,0,0,0,0,0,0
-1,99,0,0,0,0,0,0,0,0,0
-1,99,0,0,0,0,0,0,0,0,0
-1,99,0,0,0,0,0,0,0,0,0
-1,99,0,0,0,0,0,0,0,0,0
-1,99,0,0,0,0,0,0,0,0,0
-1,99,0,0,0,0,0,0,0,0,0
-1,99,0,0,0,0,0,0,0,0,0
-1,99,0,0,0,0,0,0,0,0,0
-1,99,0,0,0,0,0,0,0,0,0
-1,99,0,0,0,0,0,0,0,0,0
-1,99,0,0,0,0,0,0,0,0,0
-1,99,0,0,0,0,0,0,0,0,0
