Reading,Direction,To,From,Duration,Disatance,TimeStamp,TimeToMove,TimedOut,Delta,FreeWheel
0,1,-28,-16,0,12,55328,20,0,12,0
1,1,-72,-28,10,44,55359,0,0,0,0
2,1,-100,-72,10,28,55369,0,0,0,0
3,1,-168,-100,10,68,55379,0,0,0,0
4,1,-224,-168,10,56,55389,0,0,0,0
5,1,-292,-224,10,68,55399,0,0,0,0
6,1,-376,-292,10,84,55409,0,0,0,0
7,1,-456,-376,11,80,55420,0,0,0,0
8,1,-568,-456,11,112,55431,0,0,0,0
9,1,-664,-568,11,96,55442,0,0,0,0
10,1,-760,-664,10,96,55452,0,0,0,0
11,1,-872,-760,11,112,55463,0,0,0,0
12,1,-984,-872,10,112,55473,0,0,0,0
13,1,-1092,-984,10,108,55483,0,0,0,0
14,1,-1204,-1092,10,112,55493,0,0,0,0
15,1,-1316,-1204,11,112,55504,0,0,0,0
16,1,-1440,-1316,10,124,55514,0,0,0,0
17,1,-1520,-1440,10,80,55524,0,0,0,0
18,1,-1660,-1520,11,140,55535,0,0,0,0
19,1,-1768,-1660,11,108,55546,0,0,0,0
20,1,-1868,-1768,10,100,55556,0,0,0,0
21,1,-2004,-1868,10,136,55566,0,0,0,0
22,1,-2100,-2004,10,96,55576,0,0,0,0
23,1,-2240,-2100,11,140,55587,0,0,0,0
24,1,-2348,-2240,11,108,55598,0,0,0,0
25,1,-2460,-2348,10,112,55608,0,0,0,0
26,1,-2584,-2460,10,124,55618,0,0,0,0
27,1,-2708,-2584,11,124,55629,0,0,0,0
28,1,-2832,-2708,10,124,55639,0,0,0,0
29,1,-2944,-2832,11,112,55650,0,0,0,0
30,1,-3080,-2944,12,136,55662,0,0,0,0
31,1,-3192,-3080,10,112,55672,0,0,0,0
32,1,-3304,-3192,10,112,55682,0,0,0,0
33,1,-3412,-3304,10,108,55692,0,0,0,0
34,1,-3524,-3412,10,112,55702,0,0,0,0
35,1,-3620,-3524,10,96,55712,0,0,0,0
36,1,-3732,-3620,10,112,55722,0,0,0,0
37,1,-3856,-3732,10,124,55732,0,0,0,0
38,1,-3980,-3856,11,124,55743,0,0,0,0
39,1,-4088,-3980,10,108,55753,0,0,0,0
40,1,-4200,-4088,10,112,55763,0,0,0,0
41,1,-4312,-4200,10,112,55773,0,0,0,0
42,1,-4420,-4312,10,108,55783,0,0,0,0
43,1,-4532,-4420,10,112,55793,0,0,0,0
44,1,-4640,-4532,11,108,55804,0,0,0,0
45,1,-4752,-4640,10,112,55814,0,0,0,0
46,1,-4876,-4752,11,124,55825,0,0,0,0
47,1,-4988,-4876,10,112,55835,0,0,0,0
48,1,-5096,-4988,10,108,55845,0,0,0,0
49,1,-5196,-5096,10,100,55855,0,0,0,0
50,1,-5320,-5196,11,124,55866,0,0,0,0
51,1,-5416,-5320,10,96,55876,0,0,0,0
52,1,-5540,-5416,11,124,55887,0,0,0,0
53,1,-5648,-5540,11,108,55898,0,0,0,0
54,1,-5788,-5648,11,140,55909,0,0,0,0
55,1,-5900,-5788,10,112,55919,0,0,0,0
56,1,-5996,-5900,10,96,55929,0,0,0,0
57,1,-6104,-5996,10,108,55939,0,0,0,0
58,1,-6216,-6104,10,112,55949,0,0,0,0
59,1,-6312,-6216,10,96,55959,0,0,0,0
60,1,-6436,-6312,10,124,55969,0,0,0,0
61,1,-6532,-6436,10,96,55979,0,0,0,0
62,1,-6644,-6532,10,112,55989,0,0,0,0
63,1,-6740,-6644,10,96,55999,0,0,0,0
64,1,-6836,-6740,10,96,56009,0,0,0,0
65,1,-6948,-6836,10,112,56019,0,0,0,0
66,1,-7060,-6948,10,112,56029,0,0,0,0
67,1,-7168,-7060,11,108,56040,0,0,0,0
68,1,-7264,-7168,10,96,56050,0,0,0,0
69,1,-7376,-7264,10,112,56060,0,0,0,0
70,1,-7488,-7376,10,112,56070,0,0,0,0
71,1,-7584,-7488,10,96,56080,0,0,0,0
72,1,-7720,-7584,10,136,56090,0,0,0,0
73,1,-7832,-7720,12,112,56102,0,0,0,0
74,1,-7956,-7832,11,124,56113,0,0,0,0
75,1,-8068,-7956,11,112,56124,0,0,0,0
76,1,-8192,-8068,11,124,56135,0,0,0,0
77,1,-8288,-8192,10,96,56145,0,0,0,0
78,1,-8396,-8288,10,108,56155,0,0,0,0
79,1,-8496,-8396,10,100,56165,0,0,0,0
80,1,-8604,-8496,11,108,56176,0,0,0,0
81,1,-8716,-8604,10,112,56186,0,0,0,0
82,1,-8824,-8716,10,108,56196,0,0,0,0
83,1,-8936,-8824,10,112,56206,0,0,0,0
84,1,-9032,-8936,10,96,56216,0,0,0,0
85,1,-9156,-9032,11,124,56227,0,0,0,0
86,1,-9268,-9156,11,112,56238,0,0,0,0
87,1,-9380,-9268,10,112,56248,0,0,0,0
88,1,-9488,-9380,10,108,56258,0,0,0,0
89,1,-9600,-9488,10,112,56268,0,0,0,0
90,1,-9736,-9600,11,136,56279,0,0,0,0
91,1,-9848,-9736,10,112,56289,0,0,0,0
92,1,-9944,-9848,10,96,56299,0,0,0,0
93,1,-10056,-9944,10,112,56309,0,0,0,0
94,1,-10164,-10056,10,108,56319,0,0,0,0
95,1,-10276,-10164,11,112,56330,0,0,0,1
96,1,-10428,-10276,11,152,56342,0,0,0,1
97,1,-10512,-10428,10,84,56352,0,0,0,1
98,1,-10620,-10512,10,108,56363,0,0,0,1
99,1,-10704,-10620,10,84,56373,0,0,0,1
100,1,-10788,-10704,11,84,56384,0,0,0,1
101,1,-10868,-10788,11,80,56395,0,0,0,1
102,1,-10940,-10868,10,72,56405,0,0,0,1
103,1,-10992,-10940,10,52,56415,0,0,0,1
104,1,-11036,-10992,11,44,56426,0,0,0,1
105,1,-11092,-11036,10,56,56436,0,0,0,1
106,1,-11120,-11092,11,28,56447,0,0,0,1
107,1,-11144,-11120,11,24,56458,0,0,0,1
108,1,-11172,-11144,10,28,56468,0,0,0,1
109,1,-11188,-11172,11,16,56479,0,0,0,1
110,1,-11200,-11188,11,12,56490,0,0,0,1
111,1,-11200,-11200,11,0,56501,0,0,0,1
-1,99,0,0,0,0,0,0,0,0,0
-1,99,0,0,0,0,0,0,0,0,0
-1,99,0,0,0,0,0,0,0,0,0
-1,99,0,0,0,0,0,0,0,0,0
-1,99,0,0,0,0,0,0,0,0,0
-1,99,0,0,0,0,0,0,0,0,0
-1,99,0,0,0,0,0,0,0,0,0
-1,99,0,0,0,0,0,0,0,0,0
-1,99,0,0,0,0,0,0,0,0,0
-1,99,0,0,0,0,0,0,0,0,0
-1,99,0,0,0,0,0,0,0,0,0
-1,99,0,0,0,0,0,0,0,0,0
-1,99,0,0,0,0,0,0,0,0,0
-1,99,0,0,0,0,0,0,0,0,0
-1,99,0,0,0,0,0,0,0,0,0
-1,99,0,0,0,0,0,0,0,0,0
-1,99,0,0,0,0,0,0,0,0,0
-1,99,0,0,0,0,0,0,0,0,0
-1,99,0,0,0,0,0,0,0,0,0
-1,99,0,0,0,0,0,0,0,0,0
-1,99,0,0,0,0,0,0,0,0,0
-1,99,0,0,0,0,0,0,0,0,0
-1,99,0,0,0,0,0,0,0,0,0
-1,99,0,0,0,0,0,0,0,0,0
-1,99,0,0,0,0,0,0,0,0,0
-1,99,0,0,0,0,0,0,0,0,0
-1,99,0,0,0,0,0,0,0,0,0
-1,99,0,0,0,0,0,0,0,0,0
-1,99,0,0,0,0,0,0,0,0,0
-1,99,0,0,0,0,0,0,0,0,0
-1,99,0,0,0,0,0,0,0,0,0
-1,99,0,0,0,0,0,0,0,0,0
-1,99,0,0,0,0,0,0,0,0,0
-1,99,0,0,0,0,0,0,0,0,0
-1,99,0,0,0,0,0,0,0,0,0
-1,99,0,0,0,0,0,0,0,0,0
-1,99,0,0,0,0,0,0,0,0,0
-1,99,0,0,0,0,0,0,0,0,0
-1,99,0,0,0,0,0,0,0,0,0
-1,99,0,0,0,0,0,0,0,0,0
-1,99,0,0,0,0,0,0,0,0,0
-1,99,0,0,0,0,0,0,0,0,0
-1,99,0,0,0,0,0,0,0,0,0
-1,99,0,0,0,0,0,0,0,0,0
-1,99,0,0,0,0,0,0,0,0,0
-1,99,0,0,0,0,0,0,0,0,0
-1,99,0,0,0,0,0,0,0,0,0
-1,99,0,0,0,0,0,0,0,0,0
-1,99,0,0,0,0,0,0,0,0,0
-1,99,0,0,0,0,0,0,0,0,0
-1,99,0,0,0,0,0,0,0,0,0
-1,99,0,0,0,0,0,0,0,0,0
-1,99,0,0,0,0,0,0,0,0,0
-1,99,0,0,0,0,0,0,0,0,0
-1,99,0,0,0,0,0,0,0,0,0
-1,99,0,0,0,0,0,0,0,0,0
-1,99,0,0,0,0,0,0,0,0,0
-1,99,0,0,0,0,0,0,0,0,0
-1,99,0,0,0,0,0,0,0,0,0
-1,99,0,0,0,0,0,0,0,0,0
-1,99,0,0,0,0,0,0,0,0,0
-1,99,0,0,0,0,0,0,0,0,0
-1,99,0,0,0,0,0,0,0,0,0
-1,99,0,0,0,0,0,0,0,0,0
-1,99,0,0,0,0,0,0,0,0,0
-1,99,0,0,0,0,0,0,0,0,0
-1,99,0,0,0,0,0,0,0,0,0
-1,99,0,0,0,0,0,0,0,0,0
-1,99,0,0,0,0,0,0,0,0,0
-1,99,0,0,0,0,0,0,0,0,0
-1,99,0,0,0,0,0,0,0,0,0
-1,99,0,0,0,0,0,0,0,0,0
-1,99,0,0,0,0,0,0,0,0,0
-1,99,0,0,0,0,0,0,0,0,0
-1,99,0,0,0,0,0,0,0,0,0
-1,99,0,0,0,0,0,0,0,0,0
-1,99,0,0,0,0,0,0,0,0,0
-1,99,0,0,0,0,0,0,0,0,0
-1,99,0,0,0,0,0,0,0,0,0
-1,99,0,0,0,0,0,0,0,0,0
-1,99,0,0,0,0,0,0,0,0,0
-1,99,0,0,0,0,0,0,0,0,0
-1,99,0,0,0,0,0,0,0,0,0
-1,99,0,0,0,0,0,0,0,0,0
-1,99,0,0,0,0,0,0,0,0,0
-1,99,0,0,0,0,0,0,0,0,0
-1,99,0,0,0,0,0,0,0,0,0
-1,99,0,0,0,0,0,0,0,0,0
-1,99,0,0,0,0,0,0,0,0,0
