Reading,Direction,To,From,Duration,Disatance,TimeStamp,TimeToMove,TimedOut,Delta,FreeWheel
0,1,19357,19373,0,16,564032,11,0,16,0
1,1,19305,19357,10,52,564055,0,0,0,0
2,1,19193,19305,10,112,564065,0,0,0,0
3,1,19068,19193,10,125,564075,0,0,0,0
4,1,18876,19068,10,192,564085,0,0,0,0
5,1,18596,18876,11,280,564096,0,0,0,0
6,1,18348,18596,11,248,564107,0,0,0,0
7,1,18032,18348,11,316,564118,0,0,0,0
8,1,17728,18032,10,304,564128,0,0,0,0
9,1,17424,17728,11,304,564139,0,0,0,0
10,1,17092,17424,10,332,564149,0,0,0,0
11,1,16748,17092,10,344,564159,0,0,0,0
12,1,16416,16748,10,332,564169,0,0,0,0
13,1,15988,16416,11,428,564180,0,0,0,0
14,1,15628,15988,10,360,564190,0,0,0,0
15,1,15272,15628,10,356,564200,0,0,0,0
16,1,14924,15272,10,348,564210,0,0,0,0
17,1,14540,14924,10,384,564220,0,0,0,0
18,1,14180,14540,10,360,564230,0,0,0,0
19,1,13808,14180,10,372,564240,0,0,0,0
20,1,13431,13808,10,377,564250,0,0,0,0
21,1,13047,13431,10,384,564260,0,0,0,0
22,1,12675,13047,10,372,564270,0,0,0,0
23,1,12271,12675,10,404,564280,0,0,0,0
24,1,11871,12271,10,400,564290,0,0,0,0
25,1,11499,11871,10,372,564300,0,0,0,0
26,1,11111,11499,10,388,564310,0,0,0,0
27,1,10711,11111,10,400,564320,0,0,0,0
28,1,10311,10711,10,400,564330,0,0,0,0
29,1,9911,10311,10,400,564340,0,0,0,0
30,1,9511,9911,10,400,564350,0,0,0,0
31,1,9123,9511,10,388,564360,0,0,0,0
32,1,8739,9123,10,384,564370,0,0,0,0
33,1,8323,8739,10,416,564380,0,0,0,0
34,1,7934,8323,10,389,564390,0,0,0,0
35,1,7410,7934,11,524,564401,0,0,0,0
36,1,7026,7410,11,384,564412,0,0,0,0
37,1,6622,7026,10,404,564422,0,0,0,0
38,1,6194,6622,10,428,564432,0,0,0,0
39,1,5810,6194,10,384,564442,0,0,0,0
40,1,5394,5810,10,416,564452,0,0,0,0
41,1,4982,5394,10,412,564462,0,0,0,0
42,1,4566,4982,10,416,564472,0,0,0,0
43,1,4166,4566,11,400,564483,0,0,0,0
44,1,3750,4166,10,416,564493,0,0,0,0
45,1,3350,3750,10,400,564503,0,0,0,0
46,1,2938,3350,10,412,564513,0,0,0,0
47,1,2437,2938,11,501,564524,0,0,0,0
48,1,2025,2437,11,412,564535,0,0,0,0
49,1,1625,2025,10,400,564545,0,0,0,0
50,1,1129,1625,10,496,564555,0,0,0,0
51,1,713,1129,12,416,564567,0,0,0,0
52,1,245,713,11,468,564578,0,0,0,0
53,1,-156,245,11,401,564589,0,0,0,0
54,1,-652,-156,11,496,564600,0,0,0,0
55,1,-1052,-652,10,400,564610,0,0,0,0
56,1,-1452,-1052,10,400,564620,0,0,0,0
57,1,-1852,-1452,10,400,564630,0,0,0,0
58,1,-2252,-1852,10,400,564640,0,0,0,0
59,1,-2724,-2252,11,472,564651,0,0,0,0
60,1,-3152,-2724,10,428,564661,0,0,0,0
61,1,-3524,-3152,11,372,564672,0,0,0,0
62,1,-4008,-3524,11,484,564683,0,0,0,0
63,1,-4380,-4008,11,372,564694,0,0,0,0
64,1,-4780,-4380,10,400,564704,0,0,0,0
65,1,-5168,-4780,10,388,564714,0,0,0,0
66,1,-5648,-5168,11,480,564725,0,0,0,0
67,1,-6024,-5648,11,376,564736,0,0,0,0
68,1,-6408,-6024,10,384,564746,0,0,0,0
69,1,-6796,-6408,10,388,564756,0,0,0,0
70,1,-7196,-6796,10,400,564766,0,0,0,0
71,1,-7664,-7196,11,468,564777,0,0,0,0
72,1,-8052,-7664,11,388,564788,0,0,0,0
73,1,-8452,-8052,11,400,564799,0,0,0,0
74,1,-8880,-8452,12,428,564811,0,0,0,0
75,1,-9352,-8880,11,472,564822,0,0,0,0
76,1,-9724,-9352,10,372,564832,0,0,0,0
77,1,-10208,-9724,10,484,564843,0,0,0,0
78,1,-10564,-10208,11,356,564854,0,0,0,0
79,1,-10968,-10564,10,404,564864,0,0,0,0
80,1,-11352,-10968,10,384,564874,0,0,0,0
81,1,-11740,-11352,10,388,564884,0,0,0,0
82,1,-12128,-11740,10,388,564894,0,0,0,0
83,1,-12608,-12128,11,480,564905,0,0,0,0
84,1,-12968,-12608,10,360,564915,0,0,0,0
85,1,-13300,-12968,10,332,564925,0,0,0,0
86,1,-13756,-13300,11,456,564936,0,0,0,0
87,1,-14156,-13756,10,400,564946,0,0,0,0
88,1,-14572,-14156,10,416,564956,0,0,0,0
89,1,-14944,-14572,10,372,564966,0,0,0,0
90,1,-15344,-14944,10,400,564976,0,0,0,0
91,1,-15732,-15344,10,388,564986,0,0,0,0
92,1,-16132,-15732,10,400,564996,0,0,0,0
93,1,-16532,-16132,10,400,565006,0,0,0,0
94,1,-16932,-16532,10,400,565016,0,0,0,0
95,1,-17332,-16932,10,400,565026,0,0,0,0
96,1,-17732,-17332,10,400,565036,0,0,0,1
97,1,-18300,-17732,11,568,565050,0,0,0,1
98,1,-18684,-18300,10,384,565060,0,0,0,1
99,1,-19072,-18684,10,388,565070,0,0,0,1
100,1,-19460,-19072,10,388,565080,0,0,0,1
101,1,-19844,-19460,10,384,565090,0,0,0,1
102,1,-20204,-19844,10,360,565100,0,0,0,1
103,1,-20576,-20204,10,372,565110,0,0,0,1
104,1,-20964,-20576,10,388,565120,0,0,0,1
105,1,-21308,-20964,10,344,565130,0,0,0,1
106,1,-21640,-21308,11,332,565141,0,0,0,1
107,1,-21984,-21640,10,344,565151,0,0,0,1
108,1,-22304,-21984,10,320,565161,0,0,0,1
109,1,-22636,-22304,10,332,565171,0,0,0,1
110,1,-23020,-22636,11,384,565182,0,0,0,1
111,1,-23324,-23020,10,304,565192,0,0,0,1
112,1,-23628,-23324,10,304,565202,0,0,0,1
113,1,-23932,-23628,11,304,565213,0,0,0,1
114,1,-24292,-23932,10,360,565223,0,0,0,1
115,1,-24568,-24292,10,276,565233,0,0,0,1
116,1,-24844,-24568,10,276,565243,0,0,0,1
117,1,-25108,-24844,10,264,565253,0,0,0,1
118,1,-25368,-25108,10,260,565263,0,0,0,1
119,1,-25576,-25368,10,208,565273,0,0,0,1
120,1,-25864,-25576,11,288,565284,0,0,0,1
121,1,-26128,-25864,10,264,565294,0,0,0,1
122,1,-26348,-26128,10,220,565304,0,0,0,1
123,1,-26568,-26348,10,220,565314,0,0,0,1
124,1,-26776,-26568,11,208,565325,0,0,0,1
125,1,-27024,-26776,10,248,565335,0,0,0,1
126,1,-27204,-27024,10,180,565345,0,0,0,1
127,1,-27400,-27204,10,196,565355,0,0,0,1
128,1,-27592,-27400,10,192,565365,0,0,0,1
129,1,-27800,-27592,11,208,565376,0,0,0,1
130,1,-27980,-27800,11,180,565387,0,0,0,1
131,1,-28156,-27980,10,176,565397,0,0,0,1
132,1,-28336,-28156,10,180,565407,0,0,0,1
133,1,-28436,-28336,10,100,565417,0,0,0,1
134,1,-28600,-28436,10,164,565427,0,0,0,1
135,1,-28736,-28600,10,136,565437,0,0,0,1
136,1,-28864,-28736,11,128,565448,0,0,0,1
137,1,-28972,-28864,10,108,565458,0,0,0,1
138,1,-29068,-28972,10,96,565468,0,0,0,1
139,1,-29180,-29068,10,112,565478,0,0,0,1
140,1,-29264,-29180,10,84,565488,0,0,0,1
141,1,-29344,-29264,10,80,565498,0,0,0,1
142,1,-29428,-29344,10,84,565508,0,0,0,1
143,1,-29496,-29428,10,68,565518,0,0,0,1
144,1,-29552,-29496,10,56,565528,0,0,0,1
145,1,-29608,-29552,10,56,565538,0,0,0,1
146,1,-29648,-29608,10,40,565548,0,0,0,1
147,1,-29676,-29648,10,28,565558,0,0,0,1
148,1,-29720,-29676,11,44,565569,0,0,0,1
149,1,-29732,-29720,11,12,565580,0,0,0,1
150,1,-29744,-29732,10,12,565590,0,0,0,1
151,1,-29744,-29744,10,0,565600,0,0,0,1
-1,99,0,0,0,0,0,0,0,0,0
-1,99,0,0,0,0,0,0,0,0,0
-1,99,0,0,0,0,0,0,0,0,0
-1,99,0,0,0,0,0,0,0,0,0
-1,99,0,0,0,0,0,0,0,0,0
-1,99,0,0,0,0,0,0,0,0,0
-1,99,0,0,0,0,0,0,0,0,0
-1,99,0,0,0,0,0,0,0,0,0
-1,99,0,0,0,0,0,0,0,0,0
-1,99,0,0,0,0,0,0,0,0,0
-1,99,0,0,0,0,0,0,0,0,0
-1,99,0,0,0,0,0,0,0,0,0
-1,99,0,0,0,0,0,0,0,0,0
-1,99,0,0,0,0,0,0,0,0,0
-1,99,0,0,0,0,0,0,0,0,0
-1,99,0,0,0,0,0,0,0,0,0
-1,99,0,0,0,0,0,0,0,0,0
-1,99,0,0,0,0,0,0,0,0,0
-1,99,0,0,0,0,0,0,0,0,0
-1,99,0,0,0,0,0,0,0,0,0
-1,99,0,0,0,0,0,0,0,0,0
-1,99,0,0,0,0,0,0,0,0,0
-1,99,0,0,0,0,0,0,0,0,0
-1,99,0,0,0,0,0,0,0,0,0
-1,99,0,0,0,0,0,0,0,0,0
-1,99,0,0,0,0,0,0,0,0,0
-1,99,0,0,0,0,0,0,0,0,0
-1,99,0,0,0,0,0,0,0,0,0
-1,99,0,0,0,0,0,0,0,0,0
-1,99,0,0,0,0,0,0,0,0,0
-1,99,0,0,0,0,0,0,0,0,0
-1,99,0,0,0,0,0,0,0,0,0
-1,99,0,0,0,0,0,0,0,0,0
-1,99,0,0,0,0,0,0,0,0,0
-1,99,0,0,0,0,0,0,0,0,0
-1,99,0,0,0,0,0,0,0,0,0
-1,99,0,0,0,0,0,0,0,0,0
-1,99,0,0,0,0,0,0,0,0,0
-1,99,0,0,0,0,0,0,0,0,0
-1,99,0,0,0,0,0,0,0,0,0
-1,99,0,0,0,0,0,0,0,0,0
-1,99,0,0,0,0,0,0,0,0,0
-1,99,0,0,0,0,0,0,0,0,0
-1,99,0,0,0,0,0,0,0,0,0
-1,99,0,0,0,0,0,0,0,0,0
-1,99,0,0,0,0,0,0,0,0,0
-1,99,0,0,0,0,0,0,0,0,0
-1,99,0,0,0,0,0,0,0,0,0
-1,99,0,0,0,0,0,0,0,0,0
