Reading,Direction,To,From,Duration,Disatance,TimeStamp,TimeToMove,TimedOut,Delta,FreeWheel
0,1,30739,30751,0,12,730168,12,0,12,0
1,1,30643,30739,10,96,730193,0,0,0,0
2,1,30447,30643,12,196,730206,0,0,0,0
3,1,30215,30447,10,232,730216,0,0,0,0
4,1,29950,30215,10,265,730226,0,0,0,0
5,1,29646,29950,10,304,730236,0,0,0,0
6,1,29314,29646,10,332,730246,0,0,0,0
7,1,28858,29314,11,456,730257,0,0,0,0
8,1,28458,28858,11,400,730268,0,0,0,0
9,1,27978,28458,12,480,730280,0,0,0,0
10,1,27494,27978,10,484,730290,0,0,0,0
11,1,27134,27494,10,360,730300,0,0,0,0
12,1,26718,27134,10,416,730310,0,0,0,0
13,1,26278,26718,10,440,730320,0,0,0,0
14,1,25822,26278,10,456,730330,0,0,0,0
15,1,25338,25822,10,484,730340,0,0,0,0
16,1,24910,25338,10,428,730350,0,0,0,0
17,1,24453,24910,10,457,730360,0,0,0,0
18,1,23985,24453,10,468,730370,0,0,0,0
19,1,23513,23985,10,472,730380,0,0,0,0
20,1,23045,23513,10,468,730390,0,0,0,0
21,1,22589,23045,10,456,730400,0,0,0,0
22,1,22093,22589,10,496,730410,0,0,0,0
23,1,21649,22093,10,444,730420,0,0,0,0
24,1,21209,21649,10,440,730430,0,0,0,0
25,1,20741,21209,10,468,730440,0,0,0,0
26,1,20269,20741,10,472,730450,0,0,0,0
27,1,19717,20269,10,552,730460,0,0,0,0
28,1,19249,19717,11,468,730472,0,0,0,0
29,1,18776,19249,10,473,730482,0,0,0,0
30,1,18308,18776,10,468,730492,0,0,0,0
31,1,17852,18308,10,456,730502,0,0,0,0
32,1,17384,17852,10,468,730512,0,0,0,0
33,1,16884,17384,10,500,730522,0,0,0,0
34,1,16432,16884,10,452,730532,0,0,0,0
35,1,15976,16432,10,456,730542,0,0,0,0
36,1,15520,15976,10,456,730552,0,0,0,0
37,1,15036,15520,10,484,730562,0,0,0,0
38,1,14552,15036,10,484,730572,0,0,0,0
39,1,14096,14552,10,456,730582,0,0,0,0
40,1,13627,14096,10,469,730592,0,0,0,0
41,1,13143,13627,10,484,730602,0,0,0,0
42,1,12687,13143,10,456,730612,0,0,0,0
43,1,12191,12687,10,496,730622,0,0,0,0
44,1,11639,12191,11,552,730633,0,0,0,0
45,1,11167,11639,11,472,730644,0,0,0,0
46,1,10671,11167,10,496,730654,0,0,0,0
47,1,10187,10671,10,484,730664,0,0,0,0
48,1,9703,10187,10,484,730674,0,0,0,0
49,1,9139,9703,11,564,730685,0,0,0,0
50,1,8639,9139,10,500,730695,0,0,0,0
51,1,8158,8639,11,481,730706,0,0,0,0
52,1,7674,8158,10,484,730716,0,0,0,0
53,1,7178,7674,10,496,730726,0,0,0,0
54,1,6722,7178,10,456,730736,0,0,0,0
55,1,6222,6722,10,500,730746,0,0,0,0
56,1,5726,6222,10,496,730756,0,0,0,0
57,1,5242,5726,10,484,730766,0,0,0,0
58,1,4758,5242,10,484,730776,0,0,0,0
59,1,4262,4758,10,496,730786,0,0,0,0
60,1,3794,4262,10,468,730796,0,0,0,0
61,1,3198,3794,11,596,730807,0,0,0,0
62,1,2717,3198,11,481,730818,0,0,0,0
63,1,2245,2717,10,472,730828,0,0,0,0
64,1,1721,2245,10,524,730838,0,0,0,0
65,1,1181,1721,11,540,730849,0,0,0,0
66,1,701,1181,11,480,730860,0,0,0,0
67,1,217,701,10,484,730870,0,0,0,0
68,1,-348,217,10,565,730880,0,0,0,0
69,1,-928,-348,11,580,730892,0,0,0,0
70,1,-1328,-928,10,400,730902,0,0,0,0
71,1,-1892,-1328,11,564,730913,0,0,0,0
72,1,-2460,-1892,11,568,730925,0,0,0,0
73,1,-2944,-2460,10,484,730935,0,0,0,0
74,1,-3440,-2944,10,496,730945,0,0,0,0
75,1,-3896,-3440,10,456,730955,0,0,0,0
76,1,-4380,-3896,10,484,730965,0,0,0,0
77,1,-4848,-4380,10,468,730975,0,0,0,0
78,1,-5292,-4848,11,444,730986,0,0,0,0
79,1,-5800,-5292,10,508,730996,0,0,0,0
80,1,-6244,-5800,10,444,731006,0,0,0,0
81,1,-6728,-6244,10,484,731016,0,0,0,0
82,1,-7196,-6728,10,468,731026,0,0,0,0
83,1,-7664,-7196,10,468,731036,0,0,0,0
84,1,-8136,-7664,10,472,731046,0,0,0,0
85,1,-8716,-8136,11,580,731057,0,0,0,0
86,1,-9156,-8716,10,440,731067,0,0,0,0
87,1,-9600,-9156,11,444,731078,0,0,0,0
88,1,-10084,-9600,10,484,731088,0,0,0,0
89,1,-10552,-10084,10,468,731098,0,0,0,0
90,1,-11048,-10552,10,496,731108,0,0,0,0
91,1,-11588,-11048,11,540,731119,0,0,0,0
92,1,-12056,-11588,10,468,731129,0,0,0,0
93,1,-12528,-12056,10,472,731139,0,0,0,0
94,1,-12996,-12528,10,468,731149,0,0,0,0
95,1,-13464,-12996,10,468,731159,0,0,0,0
96,1,-13936,-13464,10,472,731169,0,0,0,1
97,1,-14680,-13936,11,744,731186,0,0,0,1
98,1,-15260,-14680,11,580,731197,0,0,0,1
99,1,-15716,-15260,10,456,731207,0,0,0,1
100,1,-16144,-15716,11,428,731218,0,0,0,1
101,1,-16588,-16144,10,444,731228,0,0,0,1
102,1,-17112,-16588,11,524,731239,0,0,0,1
103,1,-17620,-17112,10,508,731250,0,0,0,1
104,1,-18036,-17620,11,416,731261,0,0,0,1
105,1,-18452,-18036,10,416,731271,0,0,0,1
106,1,-18852,-18452,11,400,731282,0,0,0,1
107,1,-19252,-18852,10,400,731292,0,0,0,1
108,1,-19652,-19252,10,400,731302,0,0,0,1
109,1,-20012,-19652,10,360,731312,0,0,0,1
110,1,-20480,-20012,11,468,731323,0,0,0,1
111,1,-20840,-20480,10,360,731333,0,0,0,1
112,1,-21200,-20840,10,360,731343,0,0,0,1
113,1,-21556,-21200,10,356,731353,0,0,0,1
114,1,-21888,-21556,11,332,731364,0,0,0,1
115,1,-22316,-21888,11,428,731375,0,0,0,1
116,1,-22636,-22316,10,320,731385,0,0,0,1
117,1,-22964,-22636,10,328,731395,0,0,0,1
118,1,-23296,-22964,11,332,731406,0,0,0,1
119,1,-23600,-23296,10,304,731416,0,0,0,1
120,1,-23972,-23600,11,372,731427,0,0,0,1
121,1,-24264,-23972,10,292,731437,0,0,0,1
122,1,-24552,-24264,10,288,731447,0,0,0,1
123,1,-24844,-24552,11,292,731458,0,0,0,1
124,1,-25108,-24844,10,264,731468,0,0,0,1
125,1,-25384,-25108,10,276,731478,0,0,0,1
126,1,-25644,-25384,10,260,731488,0,0,0,1
127,1,-25908,-25644,10,264,731498,0,0,0,1
128,1,-26140,-25908,10,232,731508,0,0,0,1
129,1,-26392,-26140,10,252,731518,0,0,0,1
130,1,-26668,-26392,11,276,731529,0,0,0,1
131,1,-26888,-26668,10,220,731539,0,0,0,1
132,1,-27108,-26888,10,220,731549,0,0,0,1
133,1,-27300,-27108,11,192,731560,0,0,0,1
134,1,-27508,-27300,10,208,731570,0,0,0,1
135,1,-27728,-27508,11,220,731581,0,0,0,1
136,1,-27924,-27728,10,196,731591,0,0,0,1
137,1,-28104,-27924,10,180,731601,0,0,0,1
138,1,-28268,-28104,10,164,731611,0,0,0,1
139,1,-28420,-28268,10,152,731621,0,0,0,1
140,1,-28572,-28420,11,152,731632,0,0,0,1
141,1,-28736,-28572,11,164,731643,0,0,0,1
142,1,-28876,-28736,10,140,731653,0,0,0,1
143,1,-29000,-28876,11,124,731664,0,0,0,1
144,1,-29140,-29000,11,140,731675,0,0,0,1
145,1,-29248,-29140,10,108,731685,0,0,0,1
146,1,-29344,-29248,10,96,731695,0,0,0,1
147,1,-29444,-29344,11,100,731706,0,0,0,1
148,1,-29512,-29444,10,68,731716,0,0,0,1
149,1,-29596,-29512,10,84,731726,0,0,0,1
150,1,-29664,-29596,10,68,731736,0,0,0,1
151,1,-29732,-29664,10,68,731746,0,0,0,1
152,1,-29788,-29732,10,56,731756,0,0,0,1
153,1,-29828,-29788,10,40,731766,0,0,0,1
154,1,-29856,-29828,10,28,731776,0,0,0,1
155,1,-29884,-29856,10,28,731786,0,0,0,1
156,1,-29912,-29884,10,28,731796,0,0,0,1
157,1,-29924,-29912,10,12,731806,0,0,0,1
158,1,-29924,-29924,10,0,731816,0,0,0,1
-1,99,0,0,0,0,0,0,0,0,0
-1,99,0,0,0,0,0,0,0,0,0
-1,99,0,0,0,0,0,0,0,0,0
-1,99,0,0,0,0,0,0,0,0,0
-1,99,0,0,0,0,0,0,0,0,0
-1,99,0,0,0,0,0,0,0,0,0
-1,99,0,0,0,0,0,0,0,0,0
-1,99,0,0,0,0,0,0,0,0,0
-1,99,0,0,0,0,0,0,0,0,0
-1,99,0,0,0,0,0,0,0,0,0
-1,99,0,0,0,0,0,0,0,0,0
-1,99,0,0,0,0,0,0,0,0,0
-1,99,0,0,0,0,0,0,0,0,0
-1,99,0,0,0,0,0,0,0,0,0
-1,99,0,0,0,0,0,0,0,0,0
-1,99,0,0,0,0,0,0,0,0,0
-1,99,0,0,0,0,0,0,0,0,0
-1,99,0,0,0,0,0,0,0,0,0
-1,99,0,0,0,0,0,0,0,0,0
-1,99,0,0,0,0,0,0,0,0,0
-1,99,0,0,0,0,0,0,0,0,0
-1,99,0,0,0,0,0,0,0,0,0
-1,99,0,0,0,0,0,0,0,0,0
-1,99,0,0,0,0,0,0,0,0,0
-1,99,0,0,0,0,0,0,0,0,0
-1,99,0,0,0,0,0,0,0,0,0
-1,99,0,0,0,0,0,0,0,0,0
-1,99,0,0,0,0,0,0,0,0,0
-1,99,0,0,0,0,0,0,0,0,0
-1,99,0,0,0,0,0,0,0,0,0
-1,99,0,0,0,0,0,0,0,0,0
-1,99,0,0,0,0,0,0,0,0,0
-1,99,0,0,0,0,0,0,0,0,0
-1,99,0,0,0,0,0,0,0,0,0
-1,99,0,0,0,0,0,0,0,0,0
-1,99,0,0,0,0,0,0,0,0,0
-1,99,0,0,0,0,0,0,0,0,0
-1,99,0,0,0,0,0,0,0,0,0
-1,99,0,0,0,0,0,0,0,0,0
-1,99,0,0,0,0,0,0,0,0,0
-1,99,0,0,0,0,0,0,0,0,0
-1,99,0,0,0,0,0,0,0,0,0
